336
16 4 17 11
116 115 176 158
42 41 51 50
15 165 420 310
355 1 17 14
143 117 176 158
140 117 145 128
138 67 1876 1875
138 67 2157 157
18 15 124 111
5 6 31 6
20 18 32 31
16 4 16 11
20 18 144 123
138 67 1966 2090
16 11 17 11
138 67 1925 149
138 67 2038 1667
111 11 138 67
53 25 32 31
32 31 477 420
152 66 1880 138
15 165 140 123
5 6 645 36
5 6 32 31
6 8 152 66
28 88 32 31
116 115 152 150
126 127 1881 138
138 67 1920 148
15 165 152 66
152 66 138 116
138 67 1964 1809
29 7 15 165
130 132 1881 138
31 6 679 40
17 14 20 18
310 6 36 32
67 20 123 111
32 31 34 51
152 66 116 115
20 18 68 78
152 66 106 180
32 31 445 367
116 115 140 117
138 67 1855 1761
124 111 163 165
5 6 36 32
32 31 381 344
116 115 144 123
138 67 1552 107
15 165 124 123
31 6 48 27
310 6 15 165
147 131 1881 138
352 11 17 14
131 133 1880 138
15 165 144 123
131 133 1881 138
16 11 17 14
152 66 176 158
14 4 16 11
143 117 128 127
15 165 1880 138
152 66 144 123
16 4 352 11
148 132 1881 138
11 4 17 14
8 18 152 66
32 31 477 363
32 31 138 67
1880 138 154 147
138 116 140 117
31 6 644 36
15 165 124 111
138 67 2000 1843
367 14 32 31
130 132 1880 138
18 15 1880 138
138 67 1727 1726
20 18 78 103
31 6 41 43
14 4 352 11
138 116 140 123
16 4 17 14
8 18 138 67
31 6 18 15
144 123 145 128
152 66 124 111
1880 138 1881 138
15 165 166 139
66 67 116 115
18 101 138 67
152 66 1881 138
6 8 138 67
116 115 126 127
32 31 39 31
18 15 138 116
18 15 123 111
353 11 17 14
132 134 1880 138
14 4 16 4
17 11 32 31
15 165 374 15
138 67 128 127
138 67 1883 1761
7 4 32 31
138 67 178 141
138 67 145 128
138 67 140 117
31 6 29 32
17 14 18 15
355 1 17 11
6 9 32 31
138 116 152 150
17 11 20 18
32 31 257 363
15 165 175 174
144 123 176 158
152 66 126 127
138 67 149 143
48 27 32 31
32 31 481 388
132 134 1881 138
138 67 2101 1855
123 111 138 116
67 20 124 111
15 165 138 67
1881 138 154 147
152 66 105 185
138 67 105 185
1650 116 131 133
17 14 138 67
1650 116 132 134
15 165 174 139
1650 116 1880 138
130 132 148 132
140 117 176 158
32 31 312 310
138 67 2234 2361
31 6 682 39
32 31 42 41
11 4 111 11
32 31 342 445
138 67 2000 1881
7 4 15 165
138 67 1748 121
15 165 167 140
18 15 1881 138
32 31 308 192
111 11 17 14
138 67 2090 152
332 9 32 31
31 6 645 630
17 2 32 31
138 67 124 123
374 15 32 31
14 4 111 11
32 31 609 680
7 4 31 6
310 6 32 31
138 67 176 158
32 31 420 310
152 66 143 117
31 6 36 32
31 6 645 36
123 111 163 165
15 165 139 124
130 132 147 131
27 74 32 31
18 15 138 67
17 11 18 15
138 67 2310 2273
18 15 140 123
15 165 123 111
66 67 138 116
138 116 176 158
152 66 123 111
138 67 979 68
140 117 128 127
32 31 51 50
15 165 138 116
32 31 677 609
32 31 515 501
138 67 143 117
132 131 147 131
32 31 501 477
138 67 2197 2333
106 180 123 111
16 11 18 15
5 6 15 165
138 67 106 180
18 15 116 115
17 14 15 165
138 67 78 103
138 67 1478 978
1880 138 1748 1637
17 11 15 165
1650 116 1881 138
138 67 911 979
32 31 518 477
32 31 40 39
15 165 32 31
138 67 1684 1683
124 19 32 31
15 165 29 32
5 6 644 36
138 67 2047 1971
138 67 126 127
138 67 174 139
138 67 1763 1761
1880 138 1990 2079
138 67 152 150
138 67 144 147
15 165 116 115
31 6 8 18
7 5 32 31
138 67 123 111
138 67 1761 124
138 67 159 165
152 66 1855 1761
138 67 911 1478
143 117 145 128
15 165 477 310
131 133 132 134
138 67 1897 1620
16 1 17 14
138 67 1978 2013
138 67 2273 1882
796 56 138 67
138 67 2114 1966
138 67 1633 1906
138 67 420 310
138 67 1796 1843
245 4 138 67
138 67 2091 2090
1649 115 1881 138
138 67 158 157
16 1 17 11
138 116 2090 152
332 9 15 165
140 12 32 31
32 31 682 39
138 116 143 117
138 67 1881 138
138 67 2059 2091
67 20 138 67
138 67 1877 1875
147 131 148 132
18 15 152 66
32 31 679 40
105 185 123 111
124 111 138 116
32 31 41 43
138 67 1988 151
152 66 140 123
352 11 138 67
32 31 494 465
15 165 67 20
138 67 151 113
138 67 1809 1607
138 67 140 123
66 68 138 67
138 67 1814 129
6 8 31 6
20 18 124 111
126 127 1880 138
138 67 2333 1882
138 67 978 68
138 67 1825 1727
32 31 50 44
138 67 1655 117
152 66 2101 1855
138 67 2274 2197
152 66 1650 116
32 31 181 55
152 66 1825 2101
152 66 140 117
32 31 388 518
106 180 124 111
138 67 2226 1607
31 6 138 67
144 123 128 127
152 66 138 67
138 67 2114 1748
138 67 151 121
17 11 138 67
138 67 1747 121
32 31 487 481
138 67 2029 1682
32 31 682 681
138 67 1825 2101
138 67 151 150
15 165 20 18
138 67 116 115
31 6 32 31
138 67 2047 1833
138 67 1964 1760
14 4 138 67
32 31 374 361
138 67 1683 1682
17 14 32 31
16 11 138 67
138 67 144 123
138 116 144 123
15 165 1881 138
138 67 1971 1644
66 67 138 67
138 67 167 140
138 116 126 127
31 6 682 681
138 67 1877 1880
138 67 2029 2064
15 165 105 185
138 67 2013 1873
15 6 32 31
138 67 157 127
32 31 163 165
20 18 140 117
53 23 32 31
138 67 166 139
138 67 1620 2059
105 185 124 111
354 2 32 31
138 67 2064 1883
74 56 138 67
20 18 123 111
138 67 143 129
138 67 1978 1869
6 9 15 165
1880 138 2058 2021
138 67 1987 150
138 67 1761 1644
32 31 613 223
32 31 477 310
138 67 124 111
